Ar 18    0. 0. 0.
s 9 1.00
1 0.147347     0.155473
2 0.312164     0.494617
3 0.661339     0.526705
4 1.401090     0.021986
5 2.968301     -0.338533
6 6.288539     0.056023
7 13.322677     -0.000115
8 28.224956     -0.000595
9 59.796402     0.000127
s 1 1.00
1 0.147526     1.000000
p 9 1.00
1 0.090580     0.079101
2 0.188085     0.260718
3 0.390548     0.395065
4 0.810953     0.334954
5 1.683902     0.107462
6 3.496535     -0.073657
7 7.260371     -0.001407
8 15.075781     0.001710
9 31.304069     -0.000275
p 1 1.00
1 0.211798     1.000000
d 1 1.00
1 0.810888     1.000000
 
