B 5    0. 0. 0.
s 9 1.00
1 0.040569     0.032031
2 0.081044     0.243317
3 0.161898     0.434636
4 0.323418     0.329581
5 0.646080     0.111875
6 1.290648     -0.078699
7 2.578276     -0.098781
8 5.150520     0.016164
9 10.288990     -0.000016
s 1 1.00
1 0.082513     1.000000
p 9 1.00
1 0.029207     0.019909
2 0.058408     0.141775
3 0.116803     0.294463
4 0.233582     0.309028
5 0.467115     0.236378
6 0.934132     0.131317
7 1.868068     0.066454
8 3.735743     0.021248
9 7.470701     0.002837
p 1 1.00
1 0.086803     1.000000
d 1 1.00
1 0.349879     1.000000
 
