Be 4    0. 0. 0.
s 9 1.00
1 0.030068     0.025105
2 0.054002     0.178890
3 0.096986     0.263939
4 0.174186     0.435946
5 0.312836     -0.008188
6 0.561850     0.049509
7 1.009077     -0.114576
8 1.812290     -0.067207
9 3.254852     0.017250
s 1 1.00
1 0.239392     1.000000
p 9 1.00
1 0.015064     0.735052
2 0.028584     -0.476214
3 0.054236     0.564806
4 0.102911     -0.108575
5 0.195269     0.233862
6 0.370513     -0.009003
7 0.703030     0.067510
8 1.333967     -0.002868
9 2.531139     0.017869
p 1 1.00
1 0.222969     1.000000
d 1 1.00
1 0.217340     1.000000
 
