C 6    0. 0. 0.
s 9 1.00
1 0.051344     0.013991
2 0.102619     0.169852
3 0.205100     0.397529
4 0.409924     0.380369
5 0.819297     0.180113
6 1.637494     -0.033512
7 3.272791     -0.121499
8 6.541187     0.015176
9 13.073594     -0.000705
s 1 1.00
1 0.127852     1.000000
p 9 1.00
1 0.029281     0.001787
2 0.058547     0.050426
3 0.117063     0.191634
4 0.234064     0.302667
5 0.468003     0.289868
6 0.935757     0.210979
7 1.871016     0.112024
8 3.741035     0.054425
9 7.480076     0.021931
p 1 1.00
1 0.149161     1.000000
d 1 1.00
1 0.561160     1.000000
 
