F 9    0. 0. 0.
s 9 1.00
1 0.172723     0.070240
2 0.364875     0.311088
3 0.770795     0.444675
4 1.628295     0.287011
5 3.439757     0.018759
6 7.266451     -0.128608
7 15.350300     0.009104
8 32.427348     0.000810
9 68.502433     -0.000133
s 1 1.00
1 0.344569     1.000000
p 9 1.00
1 0.101001     0.035321
2 0.204414     0.136924
3 0.413707     0.249353
4 0.837289     0.286620
5 1.694565     0.254541
6 3.429580     0.169572
7 6.941026     0.088542
8 14.047737     0.039843
9 28.430799     0.003378
p 1 1.00
1 0.364831     1.000000
d 1 1.00
1 1.722479     1.000000
 
