Mg 12    0. 0. 0.
s 9 1.00
1 0.030975     0.165290
2 0.062959     0.506272
3 0.127970     0.333197
4 0.260111     0.057482
5 0.528700     -0.137614
6 1.074630     -0.135378
7 2.184285     0.048310
8 4.439759     -0.005312
9 9.024217     0.000465
s 1 1.00
1 0.162370     1.000000
p 9 1.00
1 0.047055     1.502038
2 0.083253     -1.433944
3 0.147298     1.318987
4 0.260611     -0.741124
5 0.461094     0.436300
6 0.815803     -0.243798
7 1.443383     0.086774
8 2.553745     -0.028677
9 4.518286     0.006085
p 1 1.00
1 0.121683     1.000000
d 1 1.00
1 0.135526     1.000000
 
