N 7    0. 0. 0.
s 9 1.00
1 0.098869     0.067266
2 0.211443     0.334290
3 0.452197     0.454257
4 0.967080     0.267861
5 2.068221     0.000248
6 4.423150     -0.132606
7 9.459462     0.014437
8 20.230246     0.000359
9 43.264919     -0.000094
s 1 1.00
1 0.175123     1.000000
p 9 1.00
1 0.073234     0.035758
2 0.145867     0.153945
3 0.290535     0.277656
4 0.578683     0.297676
5 1.152612     0.234403
6 2.295756     0.140321
7 4.572652     0.067219
8 9.107739     0.031594
9 18.140657     0.003301
p 1 1.00
1 0.223042     1.000000
d 1 1.00
1 0.832058     1.000000
 
