Na 11    0. 0. 0.
s 9 1.00
1 0.013061     0.200118
2 0.030041     0.467652
3 0.069092     0.227738
4 0.158908     -0.061581
5 0.365481     -0.137533
6 0.840589     0.003323
7 1.933315     0.003741
8 4.446533     -0.001117
9 10.226816     0.000244
s 1 1.00
1 0.865135     1.000000
p 9 1.00
1 0.002593     -0.002840
2 0.006741     0.005340
3 0.017525     -0.025936
4 0.045563     -0.053466
5 0.118461     -0.053691
6 0.307987     0.014439
7 0.800738     0.006199
8 2.081847     -0.001026
9 5.412617     0.000168
p 1 1.00
1 0.106025     1.000000
d 1 1.00
1 0.050790     1.000000
 
