O 8    0. 0. 0.
s 9 1.00
1 0.125346     0.055741
2 0.268022     0.304848
3 0.573098     0.453752
4 1.225429     0.295926
5 2.620277     0.019567
6 5.602818     -0.128627
7 11.980245     0.012024
8 25.616801     0.000407
9 54.775216     -0.000076
s 1 1.00
1 0.258551     1.000000
p 9 1.00
1 0.083598     0.044958
2 0.167017     0.150175
3 0.333673     0.255999
4 0.666627     0.281879
5 1.331816     0.242835
6 2.660761     0.161134
7 5.315785     0.082308
8 10.620108     0.039899
9 21.217318     0.004679
p 1 1.00
1 0.267865     1.000000
d 1 1.00
1 1.232753     1.000000
 
