P 15    0. 0. 0.
s 9 1.00
1 0.074718     0.140225
2 0.160834     0.506746
3 0.346202     0.499893
4 0.745215     0.037301
5 1.604109     -0.284591
6 3.452917     0.024766
7 7.432561     0.001798
8 15.998924     -0.000314
9 34.438408     0.000088
s 1 1.00
1 0.077260     1.000000
p 9 1.00
1 0.050242     0.072095
2 0.102391     0.278735
3 0.208669     0.411034
4 0.425256     0.304724
5 0.866651     0.091727
6 1.766191     -0.057060
7 3.599410     -0.005103
8 7.335418     0.000328
9 14.949217     -0.000046
p 1 1.00
1 0.113433     1.000000
d 1 1.00
1 0.390944     1.000000
 
