S 16    0. 0. 0.
s 9 1.00
1 0.095120     0.140074
2 0.202385     0.490942
3 0.430611     0.515297
4 0.916203     0.050320
5 1.949388     -0.298908
6 4.147674     0.019827
7 8.824926     0.007266
8 18.776623     -0.001602
9 39.950656     0.000271
s 1 1.00
1 0.098454     1.000000
p 9 1.00
1 0.057087     0.081938
2 0.115901     0.251826
3 0.235305     0.376344
4 0.477723     0.320902
5 0.969889     0.143779
6 1.969099     -0.045543
7 3.997726     -0.017191
8 8.116307     0.002580
9 16.477979     -0.000222
p 1 1.00
1 0.128926     1.000000
d 1 1.00
1 0.514135     1.000000
 
