Si 14    0. 0. 0.
s 9 1.00
1 0.059887     0.167492
2 0.130108     0.532550
3 0.282668     0.464290
4 0.614115     -0.002322
5 1.334205     -0.268234
6 2.898645     0.031921
7 6.297493     -0.000106
8 13.681707     -0.000145
9 29.724387     0.000067
s 1 1.00
1 0.059803     1.000000
p 9 1.00
1 0.036525     0.078761
2 0.076137     0.308331
3 0.158712     0.417773
4 0.330843     0.281676
5 0.689658     0.069876
6 1.437625     -0.056306
7 2.996797     0.000744
8 6.246966     -0.000259
9 13.022097     -0.000022
p 1 1.00
1 0.081570     1.000000
d 1 1.00
1 0.283626     1.000000
 
