    1   2.91998E-02  -1.57230E-02   1.09991E-03   2.32067E-02   1.95042E-02   1.93804E-02
    2   3.20301E-02   2.31126E-02   5.21787E-02   2.67362E-02   2.91440E-02   2.59115E-02
    3   3.08103E-02  -2.75034E-02  -1.95880E-02   2.14505E-02   2.00921E-02   2.01170E-02
    4  -2.89769E-02   5.24955E-02   3.54146E-02   2.11017E-02   1.84493E-02   1.97848E-02
    5  -3.91714E-04  -1.62478E-03  -1.10121E-02   6.59349E-03   7.81060E-03   7.09095E-03
    6   7.99381E-03  -1.30199E-02   4.86486E-03   6.71636E-03   7.61848E-03   6.86277E-03
    7   1.82485E-03  -3.57340E-03   3.79420E-03   6.84697E-03   8.38898E-03   7.43109E-03
    8  -5.85703E-03   5.88463E-03   1.41376E-02   7.17687E-03   8.34966E-03   7.57552E-03
    9   1.97294E-03  -7.34565E-03   7.76846E-03   7.67419E-03   7.59986E-03   7.54819E-03
   10  -7.39620E-03  -4.47401E-03  -3.28247E-03   7.71046E-03   7.13531E-03   6.44159E-03
    1  -1.54546E-02  -9.60269E-03  -4.37709E-03   2.81252E-02   2.46428E-02   2.22189E-02
    2   3.80122E-03   2.87030E-02   8.86440E-03   2.58116E-02   2.85081E-02   2.49318E-02
    3  -5.78821E-03   2.26743E-03  -5.74142E-03   2.44620E-02   2.60768E-02   2.33766E-02
    4   2.97081E-02  -8.42191E-02   1.32406E-02   2.70772E-02   2.66965E-02   2.25835E-02
    5   7.89012E-03  -1.39103E-02   3.45119E-03   9.47310E-03   1.02297E-02   9.19185E-03
    6   8.14036E-03   7.95687E-03  -5.77479E-03   9.67299E-03   1.07486E-02   9.26851E-03
    7   2.31177E-05  -5.11782E-03  -6.97679E-03   9.66916E-03   9.98598E-03   8.82832E-03
    8  -4.21355E-03   5.52610E-03  -9.73116E-03   8.82623E-03   1.02061E-02   8.70143E-03
    9  -4.67774E-03  -1.92387E-02   1.11844E-02   1.13687E-02   9.77931E-03   9.59480E-03
   10   3.40342E-03   9.38810E-03   7.86088E-03   1.16676E-02   1.04826E-02   1.03838E-02
