# geometry iter    -1
&atoms nctype     2 natom    10
&atom_types  1 C  2 H 

geometry
     -1.161364     -0.736719      0.002053    1
      1.166948      0.733513      0.004100    1
     -3.468585      0.299972      0.001823    1
      3.472710     -0.300823      0.002700    1
     -3.712419      2.314520      0.001393    2
      3.716842     -2.315989      0.001351    2
     -0.964257     -2.762825      0.002127    2
      0.967350      2.760013      0.003521    2
     -5.139366     -0.846082      0.000570    2
      5.144506      0.844551      0.001764    2
end

znuc
4.000000 1.000000 
end

